AE#Aeronautical Engineering#0004,1106,1123,1125,1127,1211,1217,1222,1230,1301,1306,1311,1322,1407,1411,1420,1429,1434,1505,1512,1518,2601,2606,2609,2611,2621,2634,2665,2702,2708,2712,2716,2719,2726,2727,2729, 2740,2750,2755,2768,3786,3807,3823,3833,4927,4932,4943,4964,4973,4976,4978,4983,5862,5907
AG#Agriculture Engg.#2302,2609,2611,2702,2715,2726,2727,2776,4917,5862
AI#Agricultural and Irrigation Engineering (SS)#0001
AP#Apparel Technology (SS)#0002
AR#Architecture#0003,1127,1130,1132,1134,1135,1138,1142,1144,1145,1146,1152,1153,1308,1400,1503,1509,2344,2348,2351,2352,2353,2361,2363,2364,2365,2370,2372,2373,2601,2667,2728,2759,2774,2778,2779, 2780,3446,3453,3458,3459,3783,3784,4671,4679,5008,5544,5863,5907
AS#Automobile Engg. (SS)#0004,2006
AU#Automobile Engineering#0004,1115,1120,1211,1212,1214,1217,1219,1222,1304,1407,1409,1434,1504,1518,1523,1526,2613,2628,2631,2632,2648,2666,2702,2706,2708,2709,2710,2711,2712,2721,2726,2727,2740,2755,2758, 2769,2776,3011,3804,3812,4927,4937,4977,4981,4989,4992,5530,5862,5904,5915,5935
BM#Bio Medical Engineering#1118,1211,1212,1228,1238,1307,1313,1315,1316,1407,1409,2601,2623,2632,2659,2719,2723,2726,2727,2736,3459,3805,4917,4978,5862,5909,5910
BS#Bio-Technology (SS)#2006
BT#Bio-Technology#1110,1122,1127,1211,1217,1219,1306,1317,1409,1411,1417,1503,1504,1514,2601,2607,2620,2627,2702,2712,2727,3011,3815,4959,4960,4965,4978,5919
BY#Bio Medical Engg. (SS)#0001,2006
CC#Chemical and Electro Chemical Engg. (SS)#5012
CE#Civil Engineering#0001,1014,1101,1102,1104,1106,1107,1110,1113,1114,1115,1116,1118,1120,1121,1122,1123,1125,1126,1127,1131,1133,1136,1137,1141,1143,1149,1150,1157,1201,1202,1205,1206,1209,1210,1211, 1212,1213,1214,1216,1217,1218,1219,1222,1225,1226,1229,1232,1233,1235,1238,1241,1245,1301, 1303,1304,1306,1307,1309,1310,1311,1313,1315,1316,1317,1318,1319,1320,1322,1323,1324,1325,1331,1333,1334,1335,1399,1401,1405,1406,1407,1408,1409,1411,1412,1413,1414,1415,1416,1417, 1418,1419,1420,1421,1422,1423,1424,1426,1428,1430,1431,1433,1434,1435,1436,1437,1438,1440, 1441,1443,1444,1445,1448,1449,1452,1455,1501,1503,1504,1505,1506,1507,1508,1509,1510,1511,1512,1513,1514,1516,1517,1518,1519,1520,1521,1523,1524,1525,1526,1528,1529,2005,2006,2007,2302,2314,2327,2329,2332,2338,2340,2341,2342,2345,2346,2347,2349,2350,2354,2355,2356,2357,2358,2360,2362,2367,2368,2369,2371,2377,2601,2602,2604,2606,2607,2608,2609,2610,2611,2612, 2613,2614,2615,2616,2617,2618,2621,2622,2623,2624,2625,2627,2628,2630,2631,2632,2633,2634,2635,2636,2639,2640,2641,2642,2643,2646,2648,2649,2650,2651,2652,2653,2654,2655,2656,2657, 2658,2659,2660,2661,2662,2663,2665,2666,2673,2682,2683,2702,2704,2705,2706,2707,2708,2709,2710,2711,2712,2713,2715,2717,2718,2719,2721,2722,2723,2725,2726,2727,2730,2732,2733,2734,2736,2737,2738,2739,2741,2743,2744,2745,2746,2747,2748,2749,2751,2752,2753,2754,2755,2758, 2761,2762,2763,2764,2765,2767,2768,2769,2770,2771,2772,2776,3011,3016,3018,3019,3021,3403,3410,3425,3451,3454,3456,3459,3460,3461,3462,3463,3464,3465,3466,3701,3760,3766,3781,3782, 3795,3801,3802,3803,3804,3805,3806,3807,3808,3810,3811,3812,3813,3814,3815,3817,3819,3820,3821,3822,3825,3826,3828,3829,3831,3833,3841,3843,3844,3845,3846,3847,3848,3849,3850,3852, 3853,3854,3855,3856,3857,3859,3905,3908,3918,3920,3923,3925,3926,4023,4024,4669,4670,4672,4675,4676,4677,4678,4680,4685,4864,4917,4927,4928,4929,4931,4932,4933,4934,4937,4938,4941,4943,4944,4945,4946,4948,4949,4950,4952,4953,4954,4955,4956,4959,4960,4961,4962,4964,4965, 4966,4967,4968,4969,4970,4971,4972,4973,4974,4976,4977,4978,4979,4980,4981,4982,4983,4984,4985,4987,4989,4991,4992,4993,4994,4996,4998,4999,5008,5009,5017,5022,5502,5530,5532,5533, 5535,5536,5537,5540,5703,5720,5832,5842,5851,5862,5865,5901,5902,5903,5907,5910,5911,5912,5913,5914,5915,5916,5921,5922,5924,5930,5935,5942,5986,5988,5990
CH#Chemical Engineering#0002,1115,1122,1127,1211,1219,1315,1316,1317,1401,1503,1504,2007,2601,2611,2666,2707,2711, 2715,3803,4917,5907,5919
CL#Chemical Engineering (SS)#0002
CM#Computer Science and Engineering (SS)#0001,0004,2006,2007,5008
CN#Civil Engineering (SS)#2006,2007,5008
CP#Civil Engineering and Planning#2726
CR#Ceramic Technology (SS)#0002
CS#Computer Science and Engineering#0001,0004,1013,1014,1015,1026,1101,1102,1104,1106,1110,1112,1113,1114,1115,1116,1118,1120,1121,1122,1123,1125,1126,1127,1128,1133,1136,1137,1140,1141,1143,1149,1157,1201,1202,1205,1206,1207,1208,1209,1210,1211,1212,1213,1214,1216,1217,1218,1219,1221,1222,1225,1226,1228, 1229,1230,1231,1232,1233,1234,1235,1237,1238,1241,1242,1245,1301,1303,1304,1306,1307,1309,1310,1311,1313,1315,1316,1317,1318,1319,1320,1322,1323,1324,1325,1331,1333,1334,1399,1401, 1402,1405,1406,1407,1408,1409,1411,1412,1413,1414,1415,1416,1417,1418,1419,1420,1421,1422,1423,1424,1426,1427,1428,1430,1431,1432,1433,1434,1435,1436,1437,1438,1439,1440,1441,1442, 1443,1444,1445,1448,1449,1450,1452,1455,1501,1503,1504,1505,1506,1507,1508,1509,1510,1511,1512,1513,1514,1515,1517,1518,1519,1520,1521,1523,1524,1525,1526,1527,1528,1529,1605,2005,2007,2302,2314,2327,2328,2329,2332,2337,2338,2340,2341,2342,2345,2346,2347,2349,2350,2354, 2355,2356,2357,2358,2362,2367,2368,2369,2371,2377,2601,2602,2603,2604,2606,2607,2608,2609,2610,2611,2612,2613,2614,2615,2616,2617,2618,2620,2621,2622,2623,2624,2625,2627,2628,2629, 2630,2631,2632,2633,2634,2635,2636,2638,2639,2640,2641,2642,2643,2646,2647,2648,2649,2650,2651,2652,2653,2654,2655,2656,2657,2658,2659,2660,2661,2662,2663,2665,2673,2682,2683,2702,2704,2705,2706,2707,2708,2709,2710,2711,2712,2713,2714,2715,2716,2717,2718,2719,2721,2722, 2723,2725,2726,2727,2729,2731,2732,2733,2734,2735,2736,2737,2738,2739,2740,2741,2743,2744,2745,2746,2747,2748,2749,2750,2751,2752,2753,2754,2755,2757,2758,2761,2762,2763,2764,2765, 2767,2768,2769,2770,2771,2772,2776,3011,3016,3018,3019,3021,3403,3410,3425,3451,3454,3456,3459,3460,3461,3462,3463,3464,3465,3466,3701,3760,3766,3781,3782,3786,3795,3801,3802,3803,3804,3805,3806,3807,3808,3809,3810,3811,3812,3813,3814,3815,3817,3819,3820,3821,3822,3823, 3825,3826,3828,3829,3830,3831,3833,3841,3843,3844,3845,3846,3847,3848,3849,3850,3852,3853,3854,3855,3856,3857,3859,3860,3905,3908,3918,3920,3923,3925,3926,4023,4669,4670,4672,4675, 4676,4677,4678,4680,4685,4864,4917,4927,4928,4929,4931,4932,4933,4934,4937,4938,4941,4943,4944,4945,4946,4948,4949,4950,4952,4953,4954,4955,4956,4957,4959,4960,4961,4962,4964,4965,4966,4967,4968,4969,4970,4971,4972,4973,4974,4975,4976,4977,4978,4979,4980,4981,4982,4983, 4984,4985,4987,4989,4991,4992,4993,4994,4995,4996,4998,4999,5008,5009,5017,5022,5502,5530,5532,5533,5535,5536,5537,5540,5703,5720,5832,5842,5851,5862,5865,5901,5902,5903,5904,5907, 5909,5910,5911,5912,5913,5914,5915,5916,5919,5921,5922,5924,5930,5935,5942,5986,5988,5990
CU#Computer Science and Communication Engg.#2665
EC#Electronics and Communication Engineering#0001,0004,1013,1014,1015,1026,1101,1102,1104,1106,1107,1110,1112,1113,1114,1115,1116,1118,1120,1121,1122,1123,1124,1125,1126,1127,1128,1131,1133,1136,1137,1140,1141,1143,1149,1150,1157,1201,1202,1205,1206,1207,1208,1209,1210,1211,1212,1213,1214,1216,1217,1218,1219,1221, 1222,1225,1226,1228,1229,1230,1231,1232,1233,1234,1235,1237,1238,1241,1242,1245,1301,1303,1304,1306,1307,1309,1310,1311,1313,1315,1316,1317,1318,1319,1320,1322,1323,1324,1325,1331, 1333,1334,1335,1399,1401,1402,1405,1406,1407,1408,1409,1411,1412,1413,1414,1415,1416,1417,1418,1419,1420,1421,1422,1423,1424,1426,1427,1428,1430,1431,1432,1433,1434,1435,1436,1437,1438,1439,1440,1441,1442,1443,1444,1445,1447,1448,1449,1450,1452,1455,1501,1503,1504,1505, 1506,1507,1508,1509,1510,1511,1512,1513,1514,1515,1516,1517,1518,1519,1520,1521,1523,1524,1525,1526,1527,1528,1529,1605,2005,2006,2007,2302,2314,2327,2328,2329,2332,2337,2338,2340, 2341,2342,2345,2346,2347,2349,2350,2354,2355,2356,2357,2358,2360,2362,2367,2368,2369,2371,2377,2601,2602,2603,2604,2606,2607,2608,2609,2610,2611,2612,2613,2614,2615,2616,2617,2618, 2620,2621,2622,2623,2624,2625,2627,2628,2629,2630,2631,2632,2633,2634,2635,2636,2638,2639,2640,2641,2642,2643,2646,2647,2648,2649,2650,2651,2652,2653,2654,2655,2656,2657,2658,2659,2660,2661,2662,2663,2664,2665,2673,2682,2683,2702,2704,2705,2706,2707,2708,2709,2710,2711, 2712,2713,2714,2715,2716,2717,2718,2719,2721,2722,2723,2725,2726,2727,2729,2731,2732,2733,2734,2735,2736,2737,2738,2739,2740,2741,2743,2744,2745,2746,2747,2748,2749,2750,2751,2752, 2753,2754,2755,2757,2758,2761,2762,2763,2764,2765,2767,2768,2769,2770,2771,2772,2776,3011,3016,3018,3019,3021,3403,3410,3425,3451,3454,3456,3459,3460,3461,3462,3463,3464,3465,3466,3701,3760,3766,3781,3782,3786,3795,3801,3802,3803,3804,3805,3806,3807,3808,3809,3810,3811, 3812,3813,3814,3815,3817,3819,3820,3821,3822,3823,3825,3826,3828,3829,3830,3831,3833,3841,3843,3844,3845,3846,3847,3848,3849,3850,3852,3853,3854,3855,3856,3857,3859,3860,3905,3908, 3918,3920,3923,3925,3926,4023,4024,4669,4670,4672,4675,4676,4677,4678,4680,4685,4864,4917,4927,4928,4929,4931,4932,4933,4934,4937,4938,4941,4943,4944,4945,4946,4948,4949,4950,4952,4953,4954,4955,4956,4957,4959,4960,4961,4962,4964,4965,4966,4967,4968,4969,4970,4971,4972, 4973,4974,4975,4976,4977,4978,4979,4980,4981,4982,4983,4984,4985,4987,4989,4991,4992,4993, 4994,4995,4996,4998,4999,5008,5009,5017,5022,5502,5530,5532,5533,5535,5536,5537,5540,5703,5720,5832,5842,5851,5865,5901,5902,5903,5904,5907,5909,5910,5911,5912,5913,5914,5915,5916,5919,5921,5922,5924,5930,5935,5942,5986,5988,5990
EE#Electrical and Electronics Engineering#0001,1015,1026,1101,1102,1104,1106,1107,1110,1112,1113,1114,1115,1116,1118,1120,1121,1122, 1123,1125,1126,1127,1128,1131,1133,1136,1137,1140,1141,1143,1149,1157,1201,1202,1205,1206,1208,1209,1210,1211,1212,1213,1214,1216,1217,1218,1219,1221,1222,1225,1226,1229,1230,1231, 1232,1233,1234,1235,1237,1238,1241,1242,1245,1301,1303,1304,1306,1307,1309,1310,1311,1313,1315,1316,1317,1318,1319,1320,1322,1323,1324,1325,1331,1333,1335,1399,1401,1402,1405,1406, 1407,1408,1409,1411,1412,1413,1414,1415,1417,1418,1419,1420,1421,1422,1423,1424,1426,1427,1428,1430,1431,1432,1433,1434,1436,1437,1438,1439,1440,1441,1442,1443,1445,1447,1448,1450,1452,1501,1503,1504,1505,1506,1507,1508,1509,1510,1511,1512,1513,1514,1515,1517,1518,1519, 1520,1521,1523,1524,1525,1526,1527,1529,1605,2005,2006,2007,2314,2327,2328,2332,2337,2338,2340,2341,2342,2345,2346,2347,2350,2354,2355,2356,2357,2358,2360,2362,2368,2369,2371,2377, 2601,2602,2603,2604,2606,2607,2608,2609,2610,2611,2612,2613,2614,2615,2616,2617,2618,2620,2621,2622,2623,2624,2625,2627,2628,2629,2630,2631,2632,2633,2635,2636,2638,2639,2640,2641,2642,2643,2646,2647,2648,2649,2650,2651,2652,2653,2654,2655,2656,2657,2658,2659,2660,2661, 2662,2663,2664,2666,2673,2682,2683,2702,2704,2705,2706,2707,2708,2709,2710,2711,2712,2713,2714,2715,2716,2717,2718,2719,2721,2722,2723,2725,2726,2727,2729,2731,2732,2733,2734,2735, 2736,2737,2738,2739,2741,2743,2744,2745,2746,2747,2748,2749,2750,2752,2753,2754,2757,2758,2761,2762,2763,2764,2765,2767,2769,2770,2771,2772,3011,3016,3018,3019,3021,3403,3410,3425, 3451,3459,3460,3461,3462,3464,3465,3701,3760,3766,3781,3782,3786,3795,3801,3802,3803,3804, 3805,3806,3807,3808,3809,3810,3811,3812,3813,3814,3815,3817,3819,3820,3821,3822,3825,3826,3829,3830,3831,3833,3843,3844,3845,3846,3847,3848,3849,3850,3852,3853,3854,3855,3856,3857, 3859,3860,3905,3908,3918,3920,3923,3925,3926,4023,4024,4669,4670,4672,4675,4676,4677,4678,4680,4685,4864,4917,4927,4928,4929,4931,4932,4933,4934,4937,4938,4941,4943,4944,4945,4946, 4948,4949,4950,4952,4953,4954,4955,4956,4959,4960,4961,4962,4964,4965,4966,4967,4968,4969,4970,4971,4972,4973,4974,4975,4976,4977,4978,4979,4980,4981,4982,4983,4984,4985,4987,4991,4992,4993,4994,4995,4996,4998,4999,5008,5009,5017,5022,5502,5530,5532,5533,5535,5536,5537,5540,5703,5720,5832,5842,5851,5865,5901,5902,5903,5904,5907,5909,5910,5911,5912,5913,5914,5915,5916,5919,5921,5922,5924,5930,5935,5942,5986,5988,5990
EI#Electronics and Instrumentation Engineering#0004,1106,1112,1113,1120,1210,1216,1303,1304,1306,1307,1311,1317,1319,1419,1422,1423,1504,1509,1518,2005,2601,2602,2607,2608,2609,2612,2616,2702,2706,2707,2708,2710,2711,2712,2715, 2719,2726,2755,3807,3808,3810,3812,4959,4962,4964,4973,5904
EM#Electronics and Communication Engg. (SS)#0001,0004,2006,2007,5008
EN#Environmental Engg.#2768
ES#Electrical and Electronics (Sandwich) (SS)#2006
ET#Electronics and Telecommunication Engg.#2638,2710
EX#Electronics and Instrumentation Engg. (SS)#0004
EY#Elec. and Electronics Engg (SS)#2007,5008
FD#Food Technology#2607,2702,2711,2727,2769
FS#Food Technology (SS)#0002
FT#Fashion Technology#1427,2618,2702,2712,2733,4948
FY#Fashion Technology (SS)#2006
GI#Geo-Informatics#0001,4024
HT#Handloom and Textile Technology#2343
IB#Industrial Bio-Technology#0002,2005
IC#Instrumentation and Control Engineering#1317,1419,1503,2721,2722,3801,3819,4956
IE#Industrial Engineering#0001,1447 
IM#Information Tech. (SS)#0001,0004,2006,2007,5008
IN#Industrial Engineering and Management#4949
IS#Industrial Bio-Tech. (SS)#0002
IT#Information Technology#1013,1014,1101,1102,1106,1112,1113,1114,1118,1120,1122,1123,1127,1140,1149,1201,1202,1205,1206,1207,1208,1209,1210,1211,1213,1214,1216,1217,1218,1219,1222,1225,1228,1229,1231,1232, 1234,1235,1237,1301,1303,1304,1306,1307,1309,1310,1311,1315,1316,1317,1318,1319,1320,1322,1324,1325,1401,1405,1407,1408,1411,1412,1414,1417,1419,1420,1422,1426,1427,1431,1437,1447,1450,1501,1503,1504,1505,1506,1507,1509,1511,1512,1513,1517,1518,1519,1520,1523,1527,1605, 2005,2328,2329,2337,2601,2606,2607,2608,2609,2610,2611,2613,2614,2616,2618,2620,2621,2622,2623,2629,2632,2634,2638,2639,2642,2647,2661,2702,2704,2705,2706,2708,2709,2710,2711,2712, 2713,2715,2716,2718,2719,2721,2722,2723,2725,2726,2727,2732,2734,2735,2736,2737,2740,2744,2751,2752,2754,2757,2758,3011,3801,3803,3805,3806,3807,3808,3810,3812,3813,3815,3819,3826,3829,3831,3849,3852,4023,4917,4932,4952,4953,4954,4955,4957,4959,4960,4962,4964,4971,4972, 4979,4981,4983,4984,4987,4989,4991,4992,5703,5720,5842,5902,5903,5904,5907,5910,5911,5924, 5942,5986
IY#Instrumentation and Control Engineering (SS)#2006
LE#Leather Technology#0002
MA#Material Science and Engineering (SS)#0001
MC#Mechatronics#1211,1316,1399,2360,2367,2607,2609,2611,2621,2623,2657,2666,2702,2704,2706,2708,2711,2712,2714,2716,2718,2726,2729,2753,2763,2776,3786,3820,4937,4949,4959
MD#Medical Electronics Engg.#2629
ME#Mechanical Engineering#0001,1013,1015,1026,1101,1102,1104,1106,1107,1110,1113,1114,1115,1116,1118,1120,1121,1122,1123,1124,1125,1126,1127,1128,1131,1133,1136,1137,1140,1141,1143,1149,1150,1157,1201,1202, 1205,1206,1207,1208,1209,1210,1211,1212,1213,1214,1216,1217,1218,1219,1221,1222,1225,1226,1228,1229,1230,1231,1232,1233,1235,1237,1238,1241,1242,1245,1301,1303,1304,1306,1309,1310,1311,1313,1315,1316,1317,1318,1319,1320,1322,1323,1324,1325,1331,1333,1334,1335,1399,1401, 1402,1405,1406,1407,1408,1409,1411,1412,1413,1414,1415,1416,1417,1418,1419,1420,1421,1422,1423,1424,1426,1428,1429,1430,1431,1432,1433,1434,1435,1436,1437,1438,1439,1440,1441,1442, 1443,1444,1445,1447,1448,1449,1450,1452,1455,1501,1503,1504,1505,1506,1507,1508,1509,1510,1511,1512,1513,1514,1515,1516,1517,1518,1519,1520,1521,1523,1524,1525,1526,1528,1529,2005,2006,2007,2302,2314,2327,2328,2329,2332,2337,2338,2340,2341,2342,2345,2346,2347,2349,2350, 2354,2355,2356,2357,2358,2360,2362,2367,2368,2369,2371,2377,2601,2602,2603,2604,2606,2607,2608,2609,2610,2611,2612,2613,2614,2615,2616,2617,2618,2621,2622,2623,2624,2625,2627,2628, 2629,2630,2631,2632,2633,2634,2635,2636,2639,2640,2641,2642,2646,2647,2648,2649,2650,2651,2652,2653,2654,2655,2656,2657,2658,2659,2662,2663,2664,2665,2666,2673,2682,2683,2702,2704,2705,2706,2707,2708,2709,2710,2711,2712,2713,2714,2715,2716,2717,2718,2719,2721,2722,2723, 2725,2726,2727,2729,2730,2731,2732,2733,2734,2735,2736,2737,2738,2739,2740,2741,2743,2744,2745,2746,2747,2748,2749,2750,2751,2752,2753,2754,2755,2758,2761,2762,2763,2764,2765,2767, 2768,2769,2770,2771,2772,2776,3011,3016,3018,3019,3021,3403,3410,3425,3451,3454,3456,3458,3459,3460,3461,3462,3463,3464,3465,3466,3701,3760,3766,3781,3782,3786,3795,3801,3802,3803, 3804,3805,3806,3807,3808,3809,3810,3811,3812,3813,3814,3815,3817,3819,3820,3821,3822,3823,3825,3826,3828,3829,3830,3831,3833,3841,3843,3844,3845,3846,3847,3848,3849,3850,3853,3854,3855,3856,3857,3859,3860,3905,3908,3918,3920,3923,3925,3926,4023,4024,4669,4670,4672,4675, 4676,4677,4678,4680,4685,4864,4917,4927,4928,4929,4931,4932,4933,4934,4937,4938,4941,4943,4946,4949,4950,4952,4953,4954,4955,4956,4959,4960,4961,4962,4964,4965,4966,4967,4968,4969, 4970,4971,4972,4973,4974,4976,4977,4978,4980,4981,4982,4983,4984,4985,4987,4989,4992,4993,4994,4996,4998,4999,5008,5009,5017,5022,5502,5530,5532,5533,5535,5536,5537,5540,5703,5720,5832,5842,5862,5865,5901,5902,5904,5907,5909,5910,5911,5912,5913,5914,5915,5916,5919,5921, 5922,5924,5930,5935,5942,5986,5988,5990
MF#Mechanical Engg. (SS)#0004,2006,2007,5008
MG#Mechatronics (SS)#5008
MH#Mechanical Engineering (Sandwich)#4983
MI#Mining Engineering#0001
MN#Manufacturing Engineering#0001,1321
MR#Marine Engineering#1124,1219,1407,1514,4964,5907
MS#Mechanical Engineering (Sandwich) (SS)#2006
MT#Metallurgical Engineering#2006,2615
MU#Mechanical and Automation Engineering#1316,2609,2726,4949,4964,4989
MX#Material Science and Engg.#1301,3841
MY#Metallurgical Engg. (SS)#2006
NS#Nano Science and Technology#2607
PA#Plastic Technology#1321
PC#Petro Chemical Technology#2614,2664,2754,3011
PD#Petrochemical Engineering#1229,2654,2665,2731,2769,5913
PE#Petroleum Engineering#1212,1424,1523,2614,2664,2749,2769
PH#Pharmaceutical Technology#3011
PL#Polymer Technology#4959
PM#Pharmaceutical Tech. (SS)#0002
PN#Production Engineering (SS)#2006
PP#Petroleum Engineering and Technology (SS)#0002
PR#Production Engineering#0004,1419,2005,2006,2640,2706,3782,4949
PS#Production Engineering (Sandwich) (SS)#2006
PT#Printing Technology#0001
RA#Robotics and Automation (SS)#2006
RM#Robotics and Automation#4983
RP#Rubber and Plastic Tech.#0004
TC#Textile Chemistry#2614
TT#Textile Technology (SS)#2006
TX#Textile Technology#0002,1106,2006,2607,2614,2702,2712,2716,3815,5913
XC#Civil Engineering (Tamil Medium)#0001,1014,3011,3016,3018,3019,3021,4023,4024,5017,5022
XM#Mechanical Engineering (Tamil Medium)#0001,1013,1015,3011,3016,3018,3019,3021,4023,4024,5017,5022
